3
14
16
18
19
36
37
47
50
53
55
60
63
69
74
82
93
94
95
97
99
99
100
101
122
124
124
131
131
132
133
138
140
140
140
149
158
162
167
174
174
175
180
180
181
183
190
192
193
201
201
201
212
218
220
238
249
257
258
268
278
296
299
299
304
310
325
338
348
348
381
382
388
393
413
420
424
425
425
438
446
450
450
454
459
467
469
470
472
473
478
482
489
492
499
500
502
505
519
525
528
532
533
538
540
543
543
559
566
568
570
573
575
581
581
584
586
588
596
597
604
605
624
641
645
648
659
663
663
663
669
673
674
676
679
680
690
707
712
716
720
720
727
728
738
739
739
757
759
764
775
776
783
785
791
791
796
797
803
810
826
827
840
841
844
845
848
854
854
855
855
870
871
872
882
883
885
888
892
901
901
933
942
955
957
965
971
971
974
982
985
986
993
1002
1004
1020
1022
1026
1028
1040
1041
1044
1051
1056
1059
1076
1084
1085
1092
1099
1103
1106
1107
1107
1109
1114
1116
1116
1119
1142
1143
1152
1153
1154
1155
1157
1165
1169
1169
1173
1188
1190
1205
1207
1209
1221
1225
1228
1232
1232
1233
1235
1240
1240
1247
1273
1280
1281
1284
1291
1293
1293
1297
1316
1318
1336
1350
1352
1354
1355
1360
1365
1366
1372
1385
1395
1400
1402
1404
1417
1420
1422
1423
1431
1433
1434
1436
1439
1441
1444
1447
1447
1448
1449
1449
1450
1471
1495
1496
1497
1497
1501
1503
1503
1507
1510
1521
1528
1531
1536
1539
1555
1566
1574
1580
1581
1598
1600
1602
1604
1611
1612
1619
1622
1628
1629
1638
1640
1657
1660
1662
1667
1677
1683
1684
1687
1702
1705
1705
1708
1710
1714
1722
1725
1748
1785
1789
1795
1796
1797
1801
1804
1805
1808
1808
1813
1816
1820
1826
1843
1851
1852
1856
1857
1863
1867
1868
1870
1871
1874
1877
1878
1892
1902
1904
1914
1916
1924
1928
1931
1935
1937
1938
1950
1955
1967
1970
1971
1972
1985
1987
1988
1989
1997
1998
1998
2006
2006
2011
2022
2025
2058
2061
2062
2063
2067
2073
2078
2079
2091
2095
2096
2097
2102
2109
2111
2113
2119
2122
2132
2134
2141
2156
2162
2162
2165
2193
2194
2194
2213
2218
2219
2223
2234
2255
2256
2259
2259
2261
2261
2264
2268
2270
2279
2280
2281
2281
2284
2288
2289
2292
2294
2295
2318
2320
2320
2326
2329
2348
2348
2363
2366
2374
2381
2383
2392
2393
2398
2402
2411
2412
2415
2426
2430
2447
2450
2455
2464
2465
2466
2479
2479
2483
2490
2506
2518
2518
2520
2527
2528
2529
2538
2541
2546
2556
2558
2567
2584
2592
2603
2614
2615
2622
2638
2645
2649
2659
2659
2660
2661
2667
2680
2684
2696
2699
2701
2703
2704
2711
2715
2722
2739
2740
2745
2746
2749
2752
2757
2758
2761
2763
2769
2771
2780
2784
2789
2792
2796
2797
2801
2809
2810
2812
2822
2823
2825
2826
2829
2832
2833
2833
2839
2840
2844
2845
2848
2850
2852
2857
2864
2867
2868
2877
2889
2893
2893
2897
2906
2906
2912
2913
2914
2915
2919
2924
2931
2932
2941
2953
2954
2960
2960
2962
2964
2967
2984
2992
2996
2998
3025
3025
3042
3062
3064
3065
3066
3066
3066
3080
3091
3093
3093
3094
3095
3096
3102
3107
3117
3119
3119
3120
3121
3124
3124
3127
3127
3129
3138
3138
3146
3151
3153
3159
3164
3171
3172
3174
3175
3182
3186
3191
3194
3195
3201
3203
3204
3208
3212
3213
3244
3255
3255
3261
3270
3270
3276
3277
3279
3281
3291
3291
3303
3303
3307
3308
3321
3329
3331
3331
3336
3346
3351
3354
3358
3367
3372
3374
3374
3377
3380
3385
3387
3393
3396
3396
3397
3401
3405
3407
3408
3410
3420
3430
3435
3435
3437
3444
3448
3452
3460
3461
3463
3472
3475
3480
3492
3492
3497
3500
3501
3501
3512
3524
3531
3539
3540
3543
3545
3549
3551
3551
3552
3553
3560
3561
3561
3562
3568
3568
3576
3584
3585
3589
3601
3601
3604
3616
3622
3623
3630
3633
3636
3646
3651
3658
3658
3666
3671
3677
3686
3692
3693
3696
3697
3697
3704
3705
3707
3707
3709
3709
3712
3716
3717
3721
3721
3753
3760
3764
3765
3773
3782
3789
3795
3796
3808
3819
3823
3824
3836
3837
3843
3844
3847
3854
3857
3858
3868
3876
3896
3901
3902
3907
3912
3916
3917
3924
3935
3942
3949
3951
3953
3953
3960
3975
3983
3985
3986
3986
3987
3990
3992
3994
4001
4007
4012
4013
4021
4022
4035
4041
4044
4046
4050
4051
4051
4053
4057
4060
4063
4066
4067
4078
4081
4081
4084
4090
4097
4103
4104
4104
4111
4114
4115
4119
4120
4130
4130
4131
4140
4143
4144
4155
4155
4155
4171
4173
4177
4178
4183
4186
4194
4214
4222
4231
4232
4233
4241
4241
4247
4248
4252
4252
4256
4258
4260
4260
4273
4275
4277
4285
4287
4298
4299
4305
4308
4317
4327
4335
4339
4339
4342
4344
4351
4357
4363
4364
4365
4367
4369
4371
4383
4384
4390
4394
4419
4420
4420
4425
4426
4427
4440
4443
4475
4478
4478
4486
4488
4499
4512
4524
4526
4529
4529
4531
4533
4535
4545
4564
4566
4573
4576
4580
4585
4596
4607
4607
4613
4623
4633
4640
4641
4657
4659
4661
4668
4668
4669
4670
4675
4691
4695
4696
4696
4696
4700
4712
4715
4719
4723
4726
4736
4736
4739
4749
4756
4767
4770
4771
4776
4791
4792
4794
4794
4802
4808
4810
4810
4813
4827
4834
4842
4849
4859
4862
4870
4872
4873
4887
4900
4901
4906
4908
4911
4912
4914
4933
4934
4938
4941
4942
4942
4948
4948
4949
4949
4951
4959
4960
4968
4974
4978
4978
4986
4987
4988
4988
4989
4992
4997