2011
3119
4912
149
4668
3907
310
4596
4691
4051
3854
93
4035
1619
94
2603
2761
4248
4178
3636
3175
791
4285
796
2348
473
965
2771
1225
2914
568
933
1209
1852
872
4426
739
4057
3351
4081
1207
3042
3843
3080
2877
4749
4299
2809
4335
388
1629
4119
3025
1022
855
124
2479
1240
1247
3677
3480
1449
2546
2844
1436
3437
3435
848
4533
3138
2960
1795
2789
1051
2464
2592
478
2867
1916
1439
4607
3658
1801
3174
4155
4978
2122
2430
4155
3396
4488
1971
258
454
4771
4097
1002
60
3616
2073
4529
3195
4090
2141
3204
212
2810
4103
19
4736
826
4657
99
4908
663
2541
4794
2857
1233
3501
4111
4988
2826
2162
3025
140
218
1417
1447
2833
2833
3576
3901
1797
1448
3367
528
2757
2326
4808
3709
53
3094
1114
3584
1722
3497
4475
2479
3935
1143
174
2749
122
2097
4661
2289
2769
4564
2752
1581
1497
2960
1531
844
1580
2280
757
673
596
3066
3153
2703
4298
1004
1935
1521
4934
1683
892
4104
1228
1402
4275
2162
2374
1501
3331
957
1444
1232
3949
4942
3549
3129
304
1447
3986
1297
393
4901
3091
4247
3270
3065
2381
3460
4887
4194
1423
2763
3975
4968
4794
3658
2649
2264
624
3912
1602
3545
1350
540
2812
707
2095
854
559
3329
985
1020
131
1497
2784
3782
4001
871
4978
1107
1116
3
3107
2822
3255
3182
2825
3789
3924
2659
2584
3721
3561
663
138
133
1153
2992
2398
1874
3281
1155
1904
1902
4339
4021
1950
573
278
3868
2465
2096
1660
597
4770
4305
4115
1385
720
2722
3331
4989
1988
1705
3500
1395
3824
2667
586
1877
1600
4060
2932
1232
2614
1972
3646
2411
2915
97
3896
3387
4131
2864
3551
525
3138
584
2466
3452
4384
4659
4256
2538
1871
1336
3585
180
4130
470
3354
1714
870
2746
845
3401
4813
1352
3121
4566
791
1084
4339
175
1622
3707
4425
4260
570
4440
74
4712
4641
2447
489
1085
3127
4390
2261
827
3291
2102
4526
4214
47
810
1987
1938
1496
101
1985
1205
3385
3208
2061
3124
2219
3623
2912
2320
1510
4051
728
2079
3172
4948
1044
482
4900
4948
3837
4696
4872
901
2281
4233
472
1026
3397
3062
2518
519
986
4177
1221
1628
4114
3847
2119
1116
4478
4420
500
2893
3916
3531
1843
3492
3721
190
3666
4576
1937
4739
4767
4241
4987
2218
2941
2393
3795
268
4810
140
4791
1928
2455
1366
1528
1878
2259
3095
338
4012
2962
220
4007
2078
942
2279
55
4367
1169
2832
3707
1503
158
2906
588
1281
2402
4849
4443
3902
2348
3765
2366
3524
192
1657
2797
1826
4914
3201
1059
604
4827
855
4997
4084
2661
3212
2924
131
201
2848
4419
3472
3992
4573
99
2134
2699
3377
4986
4053
3760
425
1291
840
4696
1662
712
1555
4351
180
3994
1970
2645
2852
2696
3261
4252
4669
854
1924
1188
1404
3244
3093
4371
4013
1107
4512
2715
4317
2919
3380
3990
4383
3102
4726
1471
2270
4529
3858
971
3321
1165
1400
1355
3716
4364
2829
1856
2845
424
641
4670
2967
2490
4941
982
36
4949
348
1372
2255
2615
3255
124
4535
2558
2897
4241
2383
1604
348
1813
296
993
2567
669
4499
1612
4120
1293
1190
3420
4545
776
2796
2996
1092
4155
1867
95
3796
3696
3346
257
676
4342
901
2954
2058
4140
4344
543
4938
4942
3604
4357
193
1748
4719
1106
1041
2234
4022
3601
3430
1539
971
4171
3986
2483
3096
738
2638
2261
1851
4531
4951
249
716
3064
663
4640
2329
2284
3764
2839
2801
181
1804
2913
1360
63
4478
3146
3568
1365
3876
882
1667
4363
2660
3836
1099
1235
4607
3093
3953
1687
3279
2529
1931
2415
2067
2281
3692
4992
2091
2062
3553
2739
1820
645
3277
1914
4066
4623
4252
648
2259
4063
4792
2889
727
3408
4873
1434
2392
3985
4365
174
1103
3372
2931
2006
201
2701
2165
4173
3336
2223
4260
2704
1293
2680
3551
3203
4486
3917
2426
4906
450
4776
1431
2318
18
162
1805
238
3194
4130
3686
420
1708
2294
4585
1152
1056
4081
3601
499
3951
3960
1868
1789
82
1808
1857
4974
2268
132
4369
325
2758
538
1998
2412
1705
3358
4394
1997
797
3461
841
3066
1420
3844
1640
3512
3213
469
3562
3191
3159
3942
2213
37
2292
2868
533
1503
3630
2156
3291
4668
3171
3448
3186
167
4308
2132
1240
4862
3374
1441
1273
739
3983
3704
1449
3127
2659
4050
2113
4580
1173
4960
3697
505
1863
883
1076
459
888
3773
4183
1785
1989
1495
2288
1433
680
3987
1892
4427
659
140
4870
2194
955
1566
438
2363
4700
4232
1142
1422
1154
1955
4810
2022
4144
3560
4695
3463
3374
3120
3435
4834
50
1450
2527
575
4186
2850
183
16
1536
4046
4988
2684
1702
4613
3407
201
3633
3396
1677
785
425
3475
3393
1638
3705
3671
3697
783
1157
4258
1710
3303
382
3066
2780
2906
2320
3410
3308
69
3693
3819
690
3151
4327
4044
3539
4802
3753
566
4078
1574
2711
2194
2450
2006
3568
543
764
679
2518
14
759
1354
2111
4420
2893
492
1040
4949
3276
4911
1316
2556
3124
3444
100
4067
674
3622
1598
2506
2025
1816
4633
1967
3119
4723
2622
2528
3709
1684
1507
1611
4756
413
1808
532
2964
1169
4696
1870
4104
3117
4524
4041
1725
3164
775
467
2998
605
4859
1284
581
3808
3651
3953
299
1998
1318
446
4222
4959
3492
2193
4287
1109
4715
3552
3307
3540
4277
4143
974
4933
299
2740
3717
1119
3543
3589
4273
502
2953
720
4231
2792
4842
450
4675
3857
3270
2520
2109
3405
803
1796
2256
3712
2295
3823
581
2984
3561
2840
2063
2745
1280
3501
381
2823
4736
885
1028
3303