4997
4992
4989
4988
4988
4987
4986
4978
4978
4974
4968
4960
4959
4951
4949
4949
4948
4948
4942
4942
4941
4938
4934
4933
4914
4912
4911
4908
4906
4901
4900
4887
4873
4872
4870
4862
4859
4849
4842
4834
4827
4813
4810
4810
4808
4802
4794
4794
4792
4791
4776
4771
4770
4767
4756
4749
4739
4736
4736
4726
4723
4719
4715
4712
4700
4696
4696
4696
4695
4691
4675
4670
4669
4668
4668
4661
4659
4657
4641
4640
4633
4623
4613
4607
4607
4596
4585
4580
4576
4573
4566
4564
4545
4535
4533
4531
4529
4529
4526
4524
4512
4499
4488
4486
4478
4478
4475
4443
4440
4427
4426
4425
4420
4420
4419
4394
4390
4384
4383
4371
4369
4367
4365
4364
4363
4357
4351
4344
4342
4339
4339
4335
4327
4317
4308
4305
4299
4298
4287
4285
4277
4275
4273
4260
4260
4258
4256
4252
4252
4248
4247
4241
4241
4233
4232
4231
4222
4214
4194
4186
4183
4178
4177
4173
4171
4155
4155
4155
4144
4143
4140
4131
4130
4130
4120
4119
4115
4114
4111
4104
4104
4103
4097
4090
4084
4081
4081
4078
4067
4066
4063
4060
4057
4053
4051
4051
4050
4046
4044
4041
4035
4022
4021
4013
4012
4007
4001
3994
3992
3990
3987
3986
3986
3985
3983
3975
3960
3953
3953
3951
3949
3942
3935
3924
3917
3916
3912
3907
3902
3901
3896
3876
3868
3858
3857
3854
3847
3844
3843
3837
3836
3824
3823
3819
3808
3796
3795
3789
3782
3773
3765
3764
3760
3753
3721
3721
3717
3716
3712
3709
3709
3707
3707
3705
3704
3697
3697
3696
3693
3692
3686
3677
3671
3666
3658
3658
3651
3646
3636
3633
3630
3623
3622
3616
3604
3601
3601
3589
3585
3584
3576
3568
3568
3562
3561
3561
3560
3553
3552
3551
3551
3549
3545
3543
3540
3539
3531
3524
3512
3501
3501
3500
3497
3492
3492
3480
3475
3472
3463
3461
3460
3452
3448
3444
3437
3435
3435
3430
3420
3410
3408
3407
3405
3401
3397
3396
3396
3393
3387
3385
3380
3377
3374
3374
3372
3367
3358
3354
3351
3346
3336
3331
3331
3329
3321
3308
3307
3303
3303
3291
3291
3281
3279
3277
3276
3270
3270
3261
3255
3255
3244
3213
3212
3208
3204
3203
3201
3195
3194
3191
3186
3182
3175
3174
3172
3171
3164
3159
3153
3151
3146
3138
3138
3129
3127
3127
3124
3124
3121
3120
3119
3119
3117
3107
3102
3096
3095
3094
3093
3093
3091
3080
3066
3066
3066
3065
3064
3062
3042
3025
3025
2998
2996
2992
2984
2967
2964
2962
2960
2960
2954
2953
2941
2932
2931
2924
2919
2915
2914
2913
2912
2906
2906
2897
2893
2893
2889
2877
2868
2867
2864
2857
2852
2850
2848
2845
2844
2840
2839
2833
2833
2832
2829
2826
2825
2823
2822
2812
2810
2809
2801
2797
2796
2792
2789
2784
2780
2771
2769
2763
2761
2758
2757
2752
2749
2746
2745
2740
2739
2722
2715
2711
2704
2703
2701
2699
2696
2684
2680
2667
2661
2660
2659
2659
2649
2645
2638
2622
2615
2614
2603
2592
2584
2567
2558
2556
2546
2541
2538
2529
2528
2527
2520
2518
2518
2506
2490
2483
2479
2479
2466
2465
2464
2455
2450
2447
2430
2426
2415
2412
2411
2402
2398
2393
2392
2383
2381
2374
2366
2363
2348
2348
2329
2326
2320
2320
2318
2295
2294
2292
2289
2288
2284
2281
2281
2280
2279
2270
2268
2264
2261
2261
2259
2259
2256
2255
2234
2223
2219
2218
2213
2194
2194
2193
2165
2162
2162
2156
2141
2134
2132
2122
2119
2113
2111
2109
2102
2097
2096
2095
2091
2079
2078
2073
2067
2063
2062
2061
2058
2025
2022
2011
2006
2006
1998
1998
1997
1989
1988
1987
1985
1972
1971
1970
1967
1955
1950
1938
1937
1935
1931
1928
1924
1916
1914
1904
1902
1892
1878
1877
1874
1871
1870
1868
1867
1863
1857
1856
1852
1851
1843
1826
1820
1816
1813
1808
1808
1805
1804
1801
1797
1796
1795
1789
1785
1748
1725
1722
1714
1710
1708
1705
1705
1702
1687
1684
1683
1677
1667
1662
1660
1657
1640
1638
1629
1628
1622
1619
1612
1611
1604
1602
1600
1598
1581
1580
1574
1566
1555
1539
1536
1531
1528
1521
1510
1507
1503
1503
1501
1497
1497
1496
1495
1471
1450
1449
1449
1448
1447
1447
1444
1441
1439
1436
1434
1433
1431
1423
1422
1420
1417
1404
1402
1400
1395
1385
1372
1366
1365
1360
1355
1354
1352
1350
1336
1318
1316
1297
1293
1293
1291
1284
1281
1280
1273
1247
1240
1240
1235
1233
1232
1232
1228
1225
1221
1209
1207
1205
1190
1188
1173
1169
1169
1165
1157
1155
1154
1153
1152
1143
1142
1119
1116
1116
1114
1109
1107
1107
1106
1103
1099
1092
1085
1084
1076
1059
1056
1051
1044
1041
1040
1028
1026
1022
1020
1004
1002
993
986
985
982
974
971
971
965
957
955
942
933
901
901
892
888
885
883
882
872
871
870
855
855
854
854
848
845
844
841
840
827
826
810
803
797
796
791
791
785
783
776
775
764
759
757
739
739
738
728
727
720
720
716
712
707
690
680
679
676
674
673
669
663
663
663
659
648
645
641
624
605
604
597
596
588
586
584
581
581
575
573
570
568
566
559
543
543
540
538
533
532
528
525
519
505
502
500
499
492
489
482
478
473
472
470
469
467
459
454
450
450
446
438
425
425
424
420
413
393
388
382
381
348
348
338
325
310
304
299
299
296
278
268
258
257
249
238
220
218
212
201
201
201
193
192
190
183
181
180
180
175
174
174
167
162
158
149
140
140
140
138
133
132
131
131
124
124
122
101
100
99
99
97
95
94
93
82
74
69
63
60
55
53
50
47
37
36
19
18
16
14
3